0.7674322724342346
0.8664271235466003
0.9273168444633484
0.933052122592926
0.7100575566291809
1.574784755706787
0.9642433524131775
0.941459596157074
0.7425704002380371
1.0178236961364746
0.9179747104644775
0.7598517537117004
1.206247091293335
0.9512379169464111
1.0656983852386475
0.6713030934333801
0.884039044380188
0.914257824420929
1.1644558906555176
1.0264272689819336
0.9388899803161621
0.9379256963729858
0.7547706961631775
1.054805040359497
0.7790554761886597
1.1693214178085327
1.54636549949646
1.385968565940857
0.9752228260040283
0.8837050199508667
1.3176683187484741
1.3966885805130005
1.0573636293411255
0.6929313540458679
1.0320615768432617
0.8234307765960693
1.0727558135986328
1.0970827341079712
1.4065628051757812
1.2517646551132202
1.1763031482696533
0.8012633323669434
0.5347502827644348
1.3230087757110596
0.7917415499687195
0.7399512529373169
1.2323660850524902
1.0218950510025024
1.0087162256240845
1.3641825914382935
0.6754675507545471
1.537607192993164
1.4686126708984375
0.8447412252426147
0.6694007515907288
1.416619896888733
0.7770779728889465
1.415439486503601
1.2263516187667847
1.4821687936782837
1.3650509119033813
1.0792615413665771
1.3765580654144287
0.5902326107025146
0.7769756317138672
0.8877931833267212
1.0858536958694458
1.1209731101989746
0.4820863902568817
1.0358234643936157
1.0769256353378296
1.24228835105896
1.5524075031280518
1.6136581897735596
1.0513083934783936
1.159755825996399
0.7558350563049316
0.8634897470474243
1.0224459171295166
1.2007657289505005
1.2932020425796509
0.9976817965507507
1.751798152923584
1.377949833869934
0.5576051473617554
0.8510245084762573
0.7465905547142029
1.1152303218841553
1.6850379705429077
1.9163362979888916
0.8044320344924927
0.844735324382782
1.4566706418991089
0.8132583498954773
1.3509860038757324
0.9468823671340942
0.9985195994377136
1.1344083547592163
1.690542459487915
1.0152746438980103