0.7621380686759949
0.8629615902900696
0.9257286190986633
0.9318039417266846
0.7096721529960632
1.567085862159729
0.9684284925460815
0.9405381083488464
0.745503842830658
1.0145809650421143
0.9198704361915588
0.7596750855445862
1.2135741710662842
0.9497677683830261
1.0660521984100342
0.6702064275741577
0.8838995099067688
0.9155256152153015
1.161643385887146
1.0398027896881104
0.9350763559341431
0.9307786822319031
0.7544548511505127
1.0487152338027954
0.777613639831543
1.1689555644989014
1.5399434566497803
1.384864091873169
0.9726490378379822
0.8849940299987793
1.3281495571136475
1.3932338953018188
1.0564812421798706
0.6924317479133606
1.0326930284500122
0.8242622017860413
1.0744990110397339
1.0981355905532837
1.4146971702575684
1.2536884546279907
1.1786158084869385
0.79939866065979
0.5302464365959167
1.3310165405273438
0.7945667505264282
0.7329221367835999
1.2398651838302612
1.0305036306381226
1.0065481662750244
1.3612191677093506
0.6735597848892212
1.5186794996261597
1.4594861268997192
0.834429919719696
0.6703957319259644
1.4023116827011108
0.7761358618736267
1.4136347770690918
1.2420533895492554
1.4855197668075562
1.3645895719528198
1.0786044597625732
1.3749786615371704
0.5839177370071411
0.7763257622718811
0.8860345482826233
1.0908639430999756
1.112626552581787
0.48187223076820374
1.0321601629257202
1.0755246877670288
1.2384306192398071
1.5543053150177002
1.6198960542678833
1.051423192024231
1.1575814485549927
0.764689564704895
0.8619587421417236
1.025830864906311
1.1957423686981201
1.2911570072174072
0.9942689538002014
1.7500516176223755
1.3770465850830078
0.558639645576477
0.8583388924598694
0.7475647926330566
1.1138854026794434
1.6866074800491333
1.9232450723648071
0.8051503896713257
0.8478865623474121
1.4370002746582031
0.8160597085952759
1.3488528728485107
0.9433860182762146
0.9990869164466858
1.1287161111831665
1.7039761543273926
1.0195015668869019